,FalseSM,TrueSM
0,0.6652779579162598,0.334722101688385
1,0.19960573315620422,0.8003942370414734
2,0.9566752910614014,0.04332470893859863
3,0.9071143269538879,0.09288565814495087
4,0.9610834121704102,0.03891657292842865
5,0.8731077313423157,0.12689222395420074
6,0.2700715959072113,0.7299284934997559
7,0.44350236654281616,0.5564976334571838
8,0.6865363717079163,0.31346365809440613
9,0.9481310248374939,0.05186903104186058
10,0.32970282435417175,0.6702971458435059
11,0.9573544859886169,0.04264553636312485
12,0.7681334018707275,0.23186662793159485
13,0.18965406715869904,0.8103459477424622
14,0.9275138974189758,0.07248611003160477
15,0.9022339582443237,0.09776602685451508
16,0.9435613751411438,0.05643857643008232
17,0.9391986727714539,0.06080130115151405
18,0.5368457436561584,0.46315428614616394
19,0.7866950631141663,0.21330498158931732
20,0.11980979144573212,0.8801901936531067
21,0.9325612187385559,0.06743878871202469
22,0.9526638388633728,0.047336146235466
23,0.8948778510093689,0.1051221415400505
24,0.9616438746452332,0.03835606947541237
25,0.8646940588951111,0.1353059858083725
26,0.8864037990570068,0.11359617114067078
27,0.9024731516838074,0.09752685576677322
28,0.9675873517990112,0.03241266682744026
29,0.7851423025131226,0.21485765278339386
30,0.8883029222488403,0.11169709265232086
31,0.0832735002040863,0.9167265295982361
32,0.13200905919075012,0.8679909110069275
33,0.1879781037569046,0.8120219111442566
34,0.1979237049818039,0.8020762801170349
35,0.9609473347663879,0.03905269503593445
36,0.9275861978530884,0.07241378724575043
37,0.37555089592933655,0.6244490742683411
38,0.9540590643882751,0.04594099894165993
39,0.18908114731311798,0.8109188675880432
40,0.9598433971405029,0.04015659913420677
41,0.37942373752593994,0.6205763220787048
42,0.9696236848831177,0.030376393347978592
43,0.919414758682251,0.08058518171310425
44,0.48207592964172363,0.5179241299629211
45,0.2678534686565399,0.7321465015411377
46,0.727449357509613,0.2725506126880646
47,0.9591197371482849,0.04088025167584419
48,0.723913311958313,0.2760867178440094
49,0.26207149028778076,0.7379285097122192
50,0.9458492994308472,0.054150693118572235
51,0.10842201858758926,0.8915780186653137
52,0.6731537580490112,0.32684624195098877
53,0.6983801126480103,0.30161988735198975
54,0.9511736631393433,0.048826299607753754
55,0.9401676058769226,0.05983239784836769
56,0.607540488243103,0.392459511756897
57,0.9400297403335571,0.05997033789753914
58,0.38829851150512695,0.6117014288902283
59,0.8901895880699158,0.10981041938066483
60,0.7430182695388794,0.2569817304611206
61,0.1592617779970169,0.8407381772994995
62,0.5069862008094788,0.49301376938819885
63,0.30825522541999817,0.6917447447776794
64,0.271370530128479,0.7286295294761658
65,0.9570059776306152,0.042994070798158646
66,0.9384329319000244,0.06156708672642708
67,0.9682940244674683,0.03170599788427353
68,0.9592283368110657,0.0407717227935791
69,0.9043048024177551,0.09569517523050308
70,0.18036431074142456,0.8196356892585754
71,0.9398592114448547,0.06014084443449974
72,0.9704248905181885,0.029575053602457047
73,0.7745575904846191,0.22544243931770325
74,0.8133004903793335,0.1866995394229889
75,0.10111574828624725,0.8988842368125916
76,0.9504310488700867,0.049568913877010345
77,0.9061008095741272,0.09389922767877579
78,0.09181201457977295,0.908187985420227
79,0.37212488055229187,0.6278751492500305
80,0.24420785903930664,0.7557921409606934
81,0.1235264390707016,0.8764735460281372
82,0.9042267203330994,0.09577331691980362
83,0.69139164686203,0.3086083233356476
84,0.7129731178283691,0.28702685236930847
85,0.9245145916938782,0.0754854679107666
86,0.9586744904518127,0.04132553189992905
87,0.8945780992507935,0.10542196035385132
88,0.43212851881980896,0.5678714513778687
89,0.7134814858436584,0.28651851415634155
90,0.9413402676582336,0.05865975096821785
91,0.9520399570465088,0.04795997217297554
92,0.8343711495399475,0.16562886536121368
93,0.31292152404785156,0.6870784163475037
94,0.9668132066726685,0.03318677470088005
95,0.9286114573478699,0.07138848304748535
96,0.1436896026134491,0.8563103675842285
97,0.7179681062698364,0.2820318937301636
98,0.6299750208854675,0.37002500891685486
99,0.9176518321037292,0.08234812319278717
100,0.955435037612915,0.04456491395831108
101,0.6160858869552612,0.38391411304473877
102,0.9551254510879517,0.04487452283501625
103,0.8189682364463806,0.18103182315826416
104,0.9435182213783264,0.05648185312747955
105,0.8876281380653381,0.11237183958292007
106,0.20962509512901306,0.7903749346733093
107,0.9532532691955566,0.04674665629863739
108,0.8824417591094971,0.11755826324224472
109,0.9633955955505371,0.03660447895526886
110,0.9526978135108948,0.047302182763814926
111,0.8816741704940796,0.1183258444070816
112,0.8871690034866333,0.1128310114145279
113,0.6456708908081055,0.35432904958724976
114,0.9327261447906494,0.067273810505867
115,0.6829341053962708,0.31706589460372925
116,0.8837308287620544,0.11626918613910675
117,0.8004047870635986,0.19959521293640137
118,0.1381375789642334,0.8618624210357666
119,0.3293541967868805,0.6706457734107971
120,0.1867288202047348,0.813271164894104
121,0.8978675007820129,0.10213256627321243
122,0.9273645877838135,0.07263541966676712
123,0.8199176788330078,0.1800822913646698
124,0.7166152596473694,0.2833847105503082
125,0.4694381058216095,0.5305619239807129
126,0.9463829398155212,0.05361706018447876
127,0.9471458792686462,0.052854109555482864
128,0.9567950963973999,0.04320488125085831
129,0.37761321663856506,0.6223868131637573
130,0.7423635721206665,0.2576364576816559
131,0.434015154838562,0.5659849047660828
132,0.8920485973358154,0.10795144736766815
133,0.8337222337722778,0.16627778112888336
134,0.776701807975769,0.22329822182655334
135,0.9621620774269104,0.03783790394663811
136,0.8956185579299927,0.10438141971826553
137,0.9689943194389343,0.031005701050162315
138,0.19713489711284637,0.8028650879859924
139,0.9429404735565186,0.05705948919057846
140,0.9471046328544617,0.05289539694786072
141,0.2066781222820282,0.7933219075202942
142,0.3835974633693695,0.6164025664329529
143,0.9486689567565918,0.051331065595149994
144,0.9614109992980957,0.03858904540538788
145,0.7735481858253479,0.2264517992734909
146,0.46746984124183655,0.5325301885604858
147,0.9589155912399292,0.041084397584199905
148,0.5613918900489807,0.4386080801486969
149,0.4179457724094391,0.5820542573928833
150,0.4983665645122528,0.5016334056854248
151,0.36978578567504883,0.630214273929596
152,0.22075803577899933,0.7792419195175171
153,0.906981348991394,0.09301865100860596
154,0.20295850932598114,0.7970414757728577
155,0.8636800050735474,0.13631992042064667
156,0.23624515533447266,0.7637548446655273
157,0.9138537645339966,0.08614624291658401
158,0.7576562166213989,0.24234378337860107
159,0.7878146171569824,0.21218544244766235
160,0.7262367606163025,0.2737632989883423
161,0.8519048094749451,0.14809513092041016
162,0.9601514339447021,0.03984857350587845
163,0.8446575999259949,0.15534235537052155
164,0.14366112649440765,0.8563388586044312
165,0.9459844827651978,0.05401557683944702
166,0.3670218288898468,0.6329782009124756
167,0.26006531715393066,0.7399346232414246
168,0.9479947090148926,0.052005328238010406
169,0.7348308563232422,0.2651691436767578
170,0.6124269366264343,0.3875730335712433
171,0.6434462070465088,0.3565537929534912
172,0.4284171462059021,0.5715828537940979
173,0.13511285185813904,0.8648871779441833
174,0.9105505347251892,0.0894494354724884
175,0.9720554351806641,0.02794453874230385
176,0.9133471846580505,0.08665282279253006
177,0.7946914434432983,0.20530854165554047
178,0.3518792688846588,0.6481207609176636
179,0.9623502492904663,0.03764975070953369
180,0.671877384185791,0.3281225860118866
181,0.12483030557632446,0.8751696348190308
182,0.7073014378547668,0.29269853234291077
183,0.6182563900947571,0.3817436099052429
184,0.9650459885597229,0.03495406731963158
185,0.9685893058776855,0.03141069784760475
186,0.10160811245441437,0.898391842842102
187,0.39892905950546265,0.6010709404945374
188,0.6909656524658203,0.3090342581272125
189,0.9595338106155396,0.04046626389026642
190,0.7430631518363953,0.25693681836128235
191,0.9386948347091675,0.061305124312639236
192,0.16110412776470184,0.838895857334137
193,0.9572241306304932,0.04277583584189415
194,0.8795614242553711,0.1204385831952095
195,0.292074590921402,0.7079253792762756
196,0.9125297665596008,0.08747026324272156
197,0.8918637037277222,0.10813623666763306
198,0.9711984395980835,0.028801552951335907
199,0.18010134994983673,0.8198986649513245
200,0.12131219357252121,0.8786877393722534
201,0.437313437461853,0.562686562538147
202,0.8243082165718079,0.17569182813167572
203,0.9140888452529907,0.08591118454933167
204,0.7971802949905396,0.20281971991062164
205,0.9590005278587341,0.04099948704242706
206,0.927867591381073,0.07213243842124939
207,0.08237117528915405,0.9176288843154907
208,0.7146844267845154,0.28531554341316223
209,0.22177599370479584,0.778223991394043
210,0.743755578994751,0.2562444508075714
211,0.16615624725818634,0.8338437080383301
212,0.8872970342636108,0.11270301789045334
213,0.25470635294914246,0.7452936768531799
214,0.7722073197364807,0.2277926504611969
215,0.968031108379364,0.03196890279650688
216,0.6336305737495422,0.36636942625045776
217,0.8913650512695312,0.10863492637872696
218,0.1511540710926056,0.8488459587097168
219,0.7979669570922852,0.20203299820423126
220,0.9649228453636169,0.03507714346051216
221,0.7403174042701721,0.25968262553215027
222,0.7480432391166687,0.2519567310810089
223,0.936299741268158,0.06370021402835846
224,0.2726822793483734,0.727317750453949
225,0.8214721083641052,0.1785278469324112
226,0.9394151568412781,0.06058486923575401
227,0.9642112255096436,0.03578872233629227
228,0.8970763683319092,0.10292357951402664
229,0.1791219711303711,0.8208780884742737
230,0.10856720060110092,0.8914327621459961
231,0.20838741958141327,0.7916126251220703
232,0.23150932788848877,0.768490731716156
233,0.7086918354034424,0.2913082242012024
234,0.2704339921474457,0.7295659780502319
235,0.15672945976257324,0.8432705402374268
236,0.8561402559280396,0.14385966956615448
237,0.35104623436927795,0.6489537358283997
238,0.9529801607131958,0.04701978713274002
239,0.9321057796478271,0.06789422035217285
240,0.9232967495918274,0.07670321315526962
241,0.9122262001037598,0.08777373284101486
242,0.12936200201511383,0.8706379532814026
243,0.5514641404151917,0.44853585958480835
244,0.5112873315811157,0.48871272802352905
245,0.21779096126556396,0.7822090983390808
246,0.9358206391334534,0.06417939811944962
247,0.8873373866081238,0.11266262829303741
248,0.16089153289794922,0.839108407497406
249,0.9695196747779846,0.030480315908789635
250,0.9393644332885742,0.060635607689619064
251,0.18052764236927032,0.8194724321365356
252,0.3066968619823456,0.6933031678199768
253,0.8172741532325745,0.18272587656974792
254,0.43228763341903687,0.5677123665809631
255,0.0836576297879219,0.9163423776626587
256,0.2830650210380554,0.7169349789619446
257,0.6406013369560242,0.3593986928462982
258,0.9575422406196594,0.04245779663324356
259,0.6626531481742859,0.3373468816280365
260,0.9006543159484863,0.09934571385383606
261,0.9374233484268188,0.06257659196853638
262,0.9507174491882324,0.049282487481832504
263,0.34581345319747925,0.6541865468025208
264,0.9444910883903503,0.055508967489004135
265,0.4253959655761719,0.5746040344238281
266,0.9415295124053955,0.058470457792282104
267,0.4800010323524475,0.5199989676475525
268,0.9315535426139832,0.06844647973775864
269,0.7503534555435181,0.24964649975299835
270,0.09930286556482315,0.9006971716880798
271,0.854240357875824,0.14575965702533722
272,0.24046790599822998,0.75953209400177
273,0.8978070616722107,0.10219291597604752
274,0.9555919766426086,0.04440797120332718
275,0.14619189500808716,0.8538081049919128
276,0.9476810097694397,0.05231902375817299
277,0.2689501643180847,0.7310498356819153
278,0.9428998231887817,0.057100240141153336
279,0.952256977558136,0.04774295911192894
280,0.7686184644699097,0.23138153553009033
281,0.19973044097423553,0.8002695441246033
282,0.08648378401994705,0.9135161638259888
283,0.9481415152549744,0.05185846611857414
284,0.921406090259552,0.07859388738870621
285,0.5742362141609192,0.4257637560367584
286,0.7603544592857361,0.2396455556154251
287,0.9472723007202148,0.05272761359810829
288,0.8413345813751221,0.15866541862487793
289,0.16261489689350128,0.8373851776123047
290,0.23985609412193298,0.7601439356803894
291,0.8609482645988464,0.13905170559883118
292,0.8651148676872253,0.13488513231277466
293,0.07521626353263855,0.9247837662696838
294,0.9644446969032288,0.035555336624383926
295,0.8769238591194153,0.1230761855840683
296,0.0787617415189743,0.9212383031845093
297,0.13385170698165894,0.8661482930183411
298,0.21039338409900665,0.7896065711975098
299,0.08014983683824539,0.9198501110076904
300,0.23561502993106842,0.764384925365448
301,0.24937023222446442,0.750629723072052
302,0.9456169009208679,0.054383158683776855
303,0.5119022727012634,0.4880977272987366
304,0.4344741702079773,0.5655257701873779
305,0.2151438444852829,0.7848562002182007
306,0.23961901664733887,0.7603809833526611
307,0.4555259943008423,0.5444739460945129
308,0.49304744601249695,0.5069525241851807
309,0.9627751708030701,0.037224847823381424
310,0.875146210193634,0.12485381215810776
311,0.9529977440834045,0.04700233042240143
312,0.8361470103263855,0.1638530194759369
313,0.965761125087738,0.03423888981342316
314,0.9060484766960144,0.09395155310630798
315,0.7792282700538635,0.22077174484729767
316,0.15698441863059998,0.8430156111717224
317,0.6433417797088623,0.3566581904888153
318,0.963205099105835,0.03679494187235832
319,0.9623467326164246,0.03765323758125305
320,0.9114906787872314,0.08850931376218796
321,0.3673613667488098,0.6326385736465454
322,0.22196298837661743,0.7780369520187378
323,0.09428831934928894,0.9057116508483887
324,0.8042846322059631,0.19571538269519806
325,0.9559977650642395,0.044002242386341095
326,0.8918007016181946,0.10819936543703079
327,0.21942174434661865,0.7805781960487366
328,0.19196145236492157,0.808038592338562
329,0.8104910254478455,0.18950897455215454
330,0.38346484303474426,0.6165351271629333
331,0.17633260786533356,0.8236673474311829
332,0.6373648643493652,0.36263516545295715
333,0.6981723308563232,0.30182766914367676
334,0.3313024938106537,0.6686974763870239
335,0.12348941713571548,0.8765106201171875
336,0.5363559126853943,0.46364402770996094
337,0.904772162437439,0.09522780030965805
338,0.3970867395401001,0.6029132604598999
339,0.47429150342941284,0.5257084369659424
340,0.7110452055931091,0.28895479440689087
341,0.9376496076583862,0.06235042214393616
342,0.854034960269928,0.14596503973007202
343,0.8951632380485535,0.10483673959970474
344,0.7545399069786072,0.24546010792255402
345,0.11786837130784988,0.8821316361427307
346,0.9349300265312195,0.06506996601819992
347,0.9603183269500732,0.039681654423475266
348,0.8709020614624023,0.12909796833992004
349,0.9502213001251221,0.04977872967720032
350,0.5215807557106018,0.4784192740917206
351,0.8104649186134338,0.18953503668308258
352,0.15804676711559296,0.8419532179832458
353,0.8510180115699768,0.1489819884300232
354,0.9524620771408081,0.04753793030977249
355,0.1440342664718628,0.8559657335281372
356,0.8805067539215088,0.1194932833313942
357,0.9661720395088196,0.03382796421647072
358,0.9453558921813965,0.05464407801628113
359,0.9539163708686829,0.046083588153123856
360,0.9374383687973022,0.06256161630153656
361,0.9251622557640076,0.07483780384063721
362,0.8407196402549744,0.15928031504154205
363,0.8803415298461914,0.11965849250555038
364,0.8814432621002197,0.11855680495500565
365,0.9443378448486328,0.055662158876657486
366,0.2502545118331909,0.7497454285621643
367,0.2501815855503082,0.7498183846473694
368,0.9548958539962769,0.045104172080755234
369,0.7101823091506958,0.289817750453949
370,0.9560908079147339,0.043909210711717606
371,0.5904741883277893,0.40952587127685547
372,0.9569206833839417,0.04307933896780014
373,0.3823404610157013,0.6176595687866211
374,0.36160025000572205,0.6383997201919556
375,0.9505204558372498,0.04947955906391144
376,0.27365842461586,0.7263415455818176
377,0.9295865893363953,0.07041343301534653
378,0.1678076982498169,0.8321923017501831
379,0.27754873037338257,0.7224512100219727
380,0.9302327036857605,0.06976726651191711
381,0.9625278115272522,0.03747217357158661
382,0.6702653169631958,0.3297346532344818
383,0.8043697476387024,0.1956302672624588
384,0.31397929787635803,0.6860207319259644
385,0.9437221884727478,0.056277841329574585
386,0.9139173626899719,0.08608269691467285
387,0.4837932586669922,0.5162068009376526
388,0.48788806796073914,0.5121119618415833
389,0.9503576159477234,0.04964239150285721
390,0.09683386236429214,0.9031661152839661
391,0.88692307472229,0.11307691782712936
392,0.965630054473877,0.03436988964676857
393,0.8897152543067932,0.11028475314378738
394,0.9627934098243713,0.03720663860440254
395,0.9598966836929321,0.04010338336229324
396,0.5242410898208618,0.4757589101791382
397,0.2092195749282837,0.7907804250717163
398,0.9065840840339661,0.09341595321893692
399,0.9216891527175903,0.07831092923879623
400,0.10197677463293076,0.8980231881141663
401,0.953589677810669,0.04641031473875046
402,0.9396334886550903,0.06036655232310295
403,0.8793317675590515,0.1206682026386261
404,0.1270749419927597,0.8729250431060791
405,0.2550695836544037,0.7449304461479187
406,0.9550895690917969,0.04491044953465462
407,0.4420386254787445,0.5579614043235779
408,0.3117448687553406,0.6882550716400146
409,0.3121449649333954,0.6878550052642822
410,0.8851730823516846,0.11482692509889603
411,0.15319085121154785,0.8468091487884521
412,0.514273464679718,0.485726535320282
413,0.20901121199131012,0.7909888029098511
414,0.9650239944458008,0.03497597575187683
415,0.780470073223114,0.2195298820734024
416,0.5101999044418335,0.4898001253604889
417,0.9500781893730164,0.049921851605176926
418,0.879220187664032,0.1207798421382904
419,0.8692622780799866,0.13073770701885223
420,0.47002163529396057,0.529978334903717
421,0.1311584860086441,0.8688414692878723
422,0.9657158851623535,0.034284111112356186
423,0.5702751874923706,0.4297248423099518
424,0.8078410625457764,0.19215887784957886
425,0.6204845905303955,0.3795154094696045
426,0.1947305053472519,0.8052694797515869
427,0.943999171257019,0.056000806391239166
428,0.8283255100250244,0.17167454957962036
429,0.9625378847122192,0.03746212646365166
430,0.9538803696632385,0.04611962288618088
431,0.3737233281135559,0.6262766718864441
432,0.1012256070971489,0.8987743854522705
433,0.9650219678878784,0.03497802093625069
434,0.9658297300338745,0.03417026624083519
435,0.9293325543403625,0.07066748291254044
436,0.9417428970336914,0.05825710669159889
437,0.9566888213157654,0.043311163783073425
438,0.13453234732151031,0.8654677271842957
439,0.9571255445480347,0.04287448152899742
440,0.9474151730537415,0.052584853023290634
441,0.3143003582954407,0.6856996417045593
442,0.9532150626182556,0.04678497835993767
443,0.9240983128547668,0.07590164989233017
444,0.9549465775489807,0.04505336284637451
445,0.9067708849906921,0.09322918951511383
446,0.21252752840518951,0.7874724864959717
447,0.9663760662078857,0.033623915165662766
448,0.13630284368991852,0.8636971712112427
449,0.37541380524635315,0.6245862245559692
450,0.7946502566337585,0.20534969866275787
451,0.19760464131832123,0.8023952841758728
452,0.9200889468193054,0.07991106063127518
453,0.9258068203926086,0.07419320940971375
454,0.1307675689458847,0.8692324757575989
455,0.9643977284431458,0.03560234606266022
456,0.09333953261375427,0.9066604971885681
457,0.2558456361293793,0.7441543340682983
458,0.9539210200309753,0.04607895389199257
459,0.959657609462738,0.04034235700964928
460,0.7211983799934387,0.2788016200065613
461,0.8814963102340698,0.11850371956825256
462,0.26774367690086365,0.732256293296814
463,0.9160759449005127,0.08392409235239029
464,0.9234130382537842,0.07658694684505463
465,0.12066210806369781,0.8793378472328186
466,0.2711082696914673,0.7288917303085327
467,0.8626826405525208,0.13731735944747925
468,0.9654724597930908,0.03452758118510246
469,0.9510782361030579,0.048921793699264526
470,0.5686191916465759,0.4313807785511017
471,0.9294283986091614,0.07057157158851624
472,0.8301564455032349,0.16984355449676514
473,0.9425426721572876,0.057457294315099716
474,0.9673595428466797,0.03264053165912628
475,0.2935306429862976,0.7064693570137024
476,0.9475191831588745,0.052480828016996384
477,0.30136603116989136,0.6986339092254639
478,0.8099886178970337,0.19001144170761108
479,0.7465192079544067,0.25348082184791565
480,0.17428907752037048,0.8257109522819519
481,0.8853907585144043,0.11460927873849869
482,0.9295724630355835,0.07042749226093292
483,0.9715607166290283,0.02843926101922989
484,0.8512638807296753,0.14873605966567993
485,0.5899027585983276,0.4100973308086395
486,0.9453491568565369,0.05465076118707657
487,0.49465811252593994,0.5053418278694153
488,0.859008252620697,0.14099177718162537
489,0.9294388890266418,0.07056111097335815
490,0.22769217193126678,0.772307813167572
491,0.9355905652046204,0.06440945714712143
492,0.8466202616691589,0.15337978303432465
493,0.9394197463989258,0.06058018282055855
494,0.9552710056304932,0.04472899064421654
495,0.07994680851697922,0.9200531840324402
496,0.6754065155982971,0.32459351420402527
497,0.33872392773628235,0.6612760424613953
498,0.8989445567131042,0.10105548053979874
499,0.914770781993866,0.0852292850613594
500,0.7339633703231812,0.266036719083786
501,0.9460042119026184,0.05399582162499428
502,0.9540814757347107,0.04591852426528931
503,0.9482641220092773,0.051735926419496536
504,0.790998637676239,0.2090013325214386
505,0.9548367261886597,0.045163292437791824
506,0.9214369654655457,0.07856303453445435
507,0.10787057876586914,0.8921294212341309
508,0.20330435037612915,0.7966957092285156
509,0.9190316796302795,0.08096832036972046
510,0.9397587776184082,0.06024126708507538
511,0.2848023474216461,0.7151976227760315
512,0.8204559087753296,0.1795441061258316
513,0.9449564218521118,0.05504357069730759
514,0.093285471200943,0.9067144989967346
515,0.8015676736831665,0.19843228161334991
516,0.9447183012962341,0.05528174713253975
517,0.9116049408912659,0.08839505165815353
518,0.8260270357131958,0.1739729344844818
519,0.11935174465179443,0.8806482553482056
520,0.850845456123352,0.14915448427200317
521,0.6749417781829834,0.3250581920146942
522,0.2852577567100525,0.7147422432899475
523,0.5743355751037598,0.42566436529159546
524,0.8602935671806335,0.13970646262168884
525,0.4685814678668976,0.5314185619354248
526,0.30304446816444397,0.6969555616378784
527,0.20197929441928864,0.7980206608772278
528,0.07704311609268188,0.9229568243026733
529,0.46960586309432983,0.5303941369056702
530,0.9542905688285828,0.04570943862199783
531,0.5267828702926636,0.4732172191143036
532,0.8398637771606445,0.16013619303703308
533,0.7205605506896973,0.27943944931030273
534,0.27433064579963684,0.7256693840026855
535,0.3803718686103821,0.6196281313896179
536,0.9280476570129395,0.07195229083299637
537,0.2356777787208557,0.7643221616744995
538,0.9064528346061707,0.09354724735021591
539,0.903702437877655,0.09629756957292557
540,0.9124742150306702,0.08752577006816864
541,0.5530526638031006,0.4469473659992218
542,0.3490729331970215,0.6509270668029785
543,0.9175295829772949,0.0824703499674797
544,0.9673088788986206,0.03269109129905701
545,0.8909878730773926,0.10901214182376862
546,0.9547954201698303,0.04520455747842789
547,0.8619444370269775,0.13805559277534485
548,0.09901481866836548,0.9009851813316345
549,0.8560807108879089,0.14391931891441345
550,0.27017128467559814,0.7298287749290466
551,0.1905614286661148,0.8094385862350464
552,0.8924326300621033,0.10756731033325195
553,0.29664966464042664,0.7033503651618958
554,0.1612934023141861,0.8387065529823303
555,0.7427318692207336,0.25726813077926636
556,0.39153000712394714,0.6084699630737305
557,0.8720923066139221,0.12790769338607788
558,0.8985517621040344,0.10144824534654617
559,0.9223539233207703,0.07764608412981033
560,0.9676389098167419,0.03236105665564537
561,0.23772792518138885,0.76227205991745
562,0.31692183017730713,0.6830781698226929
563,0.6495034098625183,0.3504965603351593
564,0.8237915635108948,0.17620843648910522
565,0.17757567763328552,0.8224242925643921
566,0.15367166697978973,0.8463283181190491
567,0.9619680643081665,0.038031961768865585
568,0.7783425450325012,0.2216574251651764
569,0.20020200312137604,0.7997980117797852
570,0.46399012207984924,0.5360098481178284
571,0.8768118619918823,0.12318813055753708
572,0.9438658952713013,0.056134115904569626
573,0.36052608489990234,0.6394739747047424
574,0.9156323671340942,0.08436763286590576
575,0.8989067673683167,0.10109321027994156
576,0.13614000380039215,0.8638599514961243
577,0.3175847828388214,0.6824151873588562
578,0.27548789978027344,0.7245121598243713
579,0.9550924897193909,0.04490749165415764
580,0.10397008806467056,0.8960299491882324
581,0.14852051436901093,0.8514794707298279
582,0.8406817317008972,0.15931829810142517
583,0.96890789270401,0.031092053279280663
584,0.8738718032836914,0.12612822651863098
585,0.23499079048633575,0.7650091648101807
586,0.28426772356033325,0.7157322764396667
587,0.7917397618293762,0.2082601934671402
588,0.24996338784694672,0.7500365972518921
589,0.8991059064865112,0.1008940115571022
590,0.9286457896232605,0.0713542252779007
591,0.9313381910324097,0.06866180151700974
592,0.4896549880504608,0.5103450417518616
593,0.9409140348434448,0.059086013585329056
594,0.6816829442977905,0.31831711530685425
595,0.9025068283081055,0.09749311953783035
596,0.9638486504554749,0.03615131229162216
597,0.9595823884010315,0.04041753709316254
598,0.22902777791023254,0.7709722518920898
599,0.16572625935077667,0.8342738151550293
600,0.9544646143913269,0.04553541541099548
601,0.7255081534385681,0.27449190616607666
602,0.9547944068908691,0.04520556703209877
603,0.8541567921638489,0.14584319293498993
604,0.3509100377559662,0.6490899324417114
605,0.9384478330612183,0.061552103608846664
606,0.40459340810775757,0.5954065322875977
607,0.9591301679611206,0.04086979106068611
608,0.5596914887428284,0.44030851125717163
609,0.6896790862083435,0.3103209435939789
610,0.5757675766944885,0.4242323935031891
611,0.9675444960594177,0.03245551511645317
612,0.45441898703575134,0.5455809831619263
613,0.9599075317382812,0.04009241983294487
614,0.9390828013420105,0.0609172023832798
615,0.17972174286842346,0.8202782273292542
616,0.9432304501533508,0.05676950514316559
617,0.27421218156814575,0.7257877588272095
618,0.9546033143997192,0.045396722853183746
619,0.9439083337783813,0.05609167367219925
620,0.83231520652771,0.16768474876880646
621,0.9288347959518433,0.07116522639989853
622,0.17205575108528137,0.827944278717041
623,0.4202839136123657,0.5797160863876343
624,0.8831180930137634,0.11688194423913956
625,0.20435082912445068,0.7956491708755493
626,0.8890558481216431,0.11094412207603455
627,0.6885305047035217,0.31146955490112305
628,0.763592004776001,0.23640799522399902
629,0.682994544506073,0.317005455493927
630,0.7277194261550903,0.27228060364723206
631,0.13840246200561523,0.86159747838974
632,0.846513032913208,0.15348698198795319
633,0.9429392218589783,0.05706072226166725
634,0.9560223817825317,0.04397755116224289
635,0.9035685062408447,0.09643152356147766
636,0.8736086487770081,0.12639129161834717
637,0.1111903041601181,0.8888096809387207
638,0.9269196391105652,0.07308030128479004
639,0.08273867517709732,0.9172613024711609
640,0.7810713648796082,0.21892863512039185
641,0.4663712978363037,0.5336287021636963
642,0.6839317679405212,0.316068172454834
643,0.9444235563278198,0.05557647719979286
644,0.3948218822479248,0.6051781177520752
645,0.8535439968109131,0.1464560180902481
646,0.6913251280784607,0.3086749315261841
647,0.9486346244812012,0.051365431398153305
648,0.9646526575088501,0.03534732013940811
649,0.9196545481681824,0.08034541457891464
650,0.9310157299041748,0.06898428499698639
651,0.7386143803596497,0.2613856792449951
652,0.7930700182914734,0.20692996680736542
653,0.8172903656959534,0.18270961940288544
654,0.46779191493988037,0.5322080254554749
655,0.9116186499595642,0.08838137239217758
656,0.9360774755477905,0.06392253935337067
657,0.9229627251625061,0.07703730463981628
658,0.9209724068641663,0.07902758568525314
659,0.122255340218544,0.877744734287262
660,0.9090128540992737,0.09098710119724274
661,0.15308430790901184,0.8469156622886658
662,0.6474601030349731,0.352539986371994
663,0.9625641703605652,0.03743588179349899
664,0.8497379422187805,0.1502619981765747
665,0.9049342274665833,0.09506583958864212
666,0.8780781626701355,0.1219218373298645
667,0.18723368644714355,0.8127663135528564
668,0.11691635102033615,0.883083701133728
669,0.10635022073984146,0.8936497569084167
670,0.1513548642396927,0.8486451506614685
671,0.958248496055603,0.04175148904323578
672,0.8111696839332581,0.18883033096790314
673,0.16397538781166077,0.8360245823860168
674,0.3207772374153137,0.6792227625846863
675,0.26489517092704773,0.7351048588752747
676,0.9344877600669861,0.06551218777894974
677,0.9199262857437134,0.0800737664103508
678,0.9131215810775757,0.08687838166952133
679,0.3845061957836151,0.6154937744140625
680,0.9500575065612793,0.049942467361688614
681,0.14569374918937683,0.8543062210083008
682,0.6773931980133057,0.32260680198669434
683,0.9098199605941772,0.09018004685640335
684,0.07678104192018509,0.9232189059257507
685,0.6643631458282471,0.33563679456710815
686,0.34904444217681885,0.6509555578231812
687,0.962108850479126,0.03789115697145462
688,0.9278642535209656,0.07213575392961502
689,0.7754837870597839,0.22451621294021606
690,0.9652763605117798,0.034723661839962006
691,0.9332122206687927,0.06678783893585205
692,0.45965638756752014,0.5403436422348022
693,0.8948138952255249,0.1051860973238945
694,0.5598252415657043,0.44017481803894043
695,0.10087660700082779,0.8991233706474304
696,0.9504346251487732,0.04956540837883949
697,0.9531294107437134,0.0468706451356411
698,0.8373908996582031,0.16260908544063568
699,0.9661309719085693,0.03386900573968887
700,0.17246423661708832,0.8275358080863953
701,0.5551443099975586,0.444855660200119
702,0.9417389035224915,0.05826110765337944
703,0.31863933801651,0.6813606023788452
704,0.961409866809845,0.03859013319015503
705,0.8686009049415588,0.13139906525611877
706,0.9651526808738708,0.03484733775258064
707,0.760050356388092,0.23994968831539154
708,0.2310861200094223,0.7689139246940613
709,0.3528405427932739,0.6471594572067261
710,0.8251861333847046,0.17481385171413422
711,0.7617472410202026,0.23825275897979736
712,0.8132568001747131,0.18674317002296448
713,0.10273540019989014,0.8972646594047546
714,0.9106675982475281,0.08933239430189133
715,0.19674351811408997,0.8032564520835876
716,0.8980633616447449,0.10193663090467453
717,0.9362311959266663,0.06376878917217255
718,0.08425780385732651,0.9157422184944153
719,0.9097933769226074,0.09020659327507019
720,0.6016262173652649,0.39837372303009033
721,0.955673336982727,0.04432663694024086
722,0.9136683344841003,0.08633169531822205
723,0.9490751028060913,0.05092489346861839
724,0.9535580277442932,0.046442002058029175
725,0.14773888885974884,0.8522610664367676
726,0.9540295004844666,0.045970428735017776
727,0.6904143691062927,0.3095855712890625
728,0.9059001207351685,0.09409984201192856
729,0.9472011923789978,0.05279875546693802
730,0.14251083135604858,0.8574891686439514
731,0.9006357789039612,0.09936420619487762
732,0.06470166146755219,0.9352982640266418
733,0.1457221508026123,0.8542778491973877
734,0.8443225622177124,0.1556774377822876
735,0.9421442151069641,0.0578557513654232
736,0.2973504066467285,0.7026495933532715
737,0.9649258255958557,0.035074155777692795
738,0.4330940544605255,0.5669060349464417
739,0.8336163759231567,0.16638365387916565
740,0.9185464382171631,0.08145353198051453
741,0.9371430277824402,0.0628570094704628
742,0.14746908843517303,0.8525309562683105
743,0.7449498176574707,0.2550501525402069
744,0.9511266350746155,0.048873335123062134
745,0.14758117496967316,0.852418839931488
746,0.30189451575279236,0.6981055736541748
747,0.5519049763679504,0.44809505343437195
748,0.7710414528846741,0.22895851731300354
749,0.8421158194541931,0.1578841656446457
750,0.7823580503463745,0.21764197945594788
751,0.9502936601638794,0.0497063547372818
752,0.7551331520080566,0.24486689269542694
753,0.9610722661018372,0.03892769291996956
754,0.14381597936153412,0.8561840653419495
755,0.23535406589508057,0.7646459341049194
756,0.3397549092769623,0.6602451205253601
757,0.9654850363731384,0.034515008330345154
758,0.9581965208053589,0.04180346429347992
759,0.9460169076919556,0.05398310720920563
760,0.743961751461029,0.25603824853897095
761,0.9608248472213745,0.03917522355914116
762,0.941067099571228,0.05893285945057869
763,0.7802391648292542,0.21976083517074585
764,0.8795425295829773,0.12045742571353912
765,0.9455937743186951,0.05440627411007881
766,0.23077139258384705,0.7692286372184753
767,0.9523279070854187,0.047672055661678314
768,0.9567935466766357,0.04320650175213814
769,0.09079132229089737,0.9092086553573608
770,0.9218981266021729,0.07810187339782715
771,0.8665177822113037,0.1334822177886963
772,0.0746416300535202,0.9253584146499634
773,0.9268426299095154,0.07315734773874283
774,0.9182969927787781,0.0817030519247055
775,0.17694911360740662,0.8230509161949158
776,0.08854436129331589,0.9114555716514587
777,0.9465005397796631,0.053499482572078705
778,0.22361500561237335,0.7763849496841431
779,0.6276462078094482,0.37235379219055176
780,0.1571790874004364,0.8428208827972412
781,0.9328235387802124,0.06717642396688461
782,0.7965783476829529,0.2034216821193695
783,0.08960696309804916,0.9103929996490479
784,0.9552795886993408,0.04472043737769127
785,0.2025512158870697,0.7974488139152527
786,0.9233728647232056,0.07662711292505264
787,0.7979852557182312,0.2020147293806076
788,0.20549608767032623,0.7945038676261902
789,0.8676285743713379,0.13237138092517853
790,0.9556171298027039,0.04438285902142525
791,0.22212818264961243,0.77787184715271
792,0.9617122411727905,0.03828779235482216
793,0.7780534625053406,0.2219466269016266
794,0.2879733145236969,0.7120267152786255
795,0.2715131640434265,0.7284868955612183
796,0.898531973361969,0.10146809369325638
797,0.836728572845459,0.1632714569568634
798,0.901983916759491,0.09801611304283142
799,0.9530457854270935,0.04695417359471321
800,0.11083494126796722,0.8891650438308716
801,0.9361668229103088,0.06383320689201355
802,0.3683640956878662,0.6316359639167786
803,0.9223631620407104,0.07763688266277313
804,0.204901322722435,0.7950987219810486
805,0.9521328806877136,0.04786703363060951
806,0.8005450963973999,0.1994549036026001
807,0.14208807051181793,0.8579119443893433
808,0.74514240026474,0.2548576295375824
809,0.5211563110351562,0.47884365916252136
810,0.656993567943573,0.3430064618587494
811,0.8339401483535767,0.16605983674526215
812,0.10445424169301987,0.8955457806587219
813,0.25015732645988464,0.749842643737793
814,0.9675154089927673,0.032484568655490875
815,0.9312072992324829,0.0687926635146141
816,0.9466595649719238,0.053340449929237366
817,0.7471083998680115,0.25289157032966614
818,0.8784034252166748,0.12159658968448639
819,0.96299147605896,0.03700850158929825
820,0.9127292633056641,0.08727078139781952
821,0.35114049911499023,0.6488595008850098
822,0.9621254205703735,0.03787456080317497
823,0.9307559132575989,0.06924403458833694
824,0.9229309558868408,0.07706909626722336
825,0.9627060890197754,0.03729388490319252
826,0.948814332485199,0.051185641437768936
827,0.1818460375070572,0.818153977394104
828,0.3178369402885437,0.6821630597114563
829,0.9467377662658691,0.05326220020651817
830,0.4067044258117676,0.5932955741882324
831,0.07577208429574966,0.9242279529571533
832,0.9605274796485901,0.03947259858250618
833,0.9525752067565918,0.04742475226521492
834,0.49155867099761963,0.5084412693977356
835,0.9584092497825623,0.04159073159098625
836,0.7519629001617432,0.24803708493709564
837,0.229623943567276,0.7703760862350464
838,0.9139834642410278,0.08601649850606918
839,0.946768045425415,0.05323198810219765
840,0.9672178626060486,0.032782189548015594
841,0.9254966378211975,0.07450338453054428
842,0.9685155749320984,0.03148436173796654
843,0.14876742660999298,0.8512325286865234
844,0.8609491586685181,0.13905084133148193
845,0.9218043088912964,0.07819575816392899
846,0.8140941858291626,0.1859058141708374
847,0.8285742998123169,0.1714256852865219
848,0.9279890656471252,0.07201100885868073
849,0.9590489268302917,0.040951136499643326
850,0.4007783532142639,0.5992216467857361
851,0.9496678709983826,0.05033217370510101
852,0.7303691506385803,0.2696308195590973
853,0.5531526803970337,0.4468473196029663
854,0.10863645374774933,0.8913635611534119
855,0.9661574363708496,0.033842504024505615
856,0.9648812413215637,0.03511877357959747
857,0.9555907845497131,0.04440924897789955
858,0.32550954818725586,0.6744904518127441
859,0.964094340801239,0.035905662924051285
860,0.23486384749412537,0.765136182308197
861,0.7808414697647095,0.21915853023529053
862,0.8500723838806152,0.1499275416135788
863,0.14391325414180756,0.8560867309570312
864,0.4149741530418396,0.5850258469581604
865,0.223580002784729,0.776419997215271
866,0.11087352782487869,0.8891264796257019
867,0.9388294219970703,0.061170633882284164
868,0.9394183158874512,0.060581665486097336
869,0.24565087258815765,0.7543491125106812
870,0.9435662627220154,0.05643368884921074
871,0.9331212639808655,0.06687870621681213
872,0.2620737552642822,0.7379262447357178
873,0.3609575927257538,0.6390423774719238
874,0.2681610882282257,0.7318388819694519
875,0.8358137011528015,0.16418635845184326
876,0.9103419184684753,0.08965805917978287
877,0.14421838521957397,0.8557816743850708
878,0.9533045291900635,0.04669550061225891
879,0.9658058285713196,0.03419417142868042
880,0.23970931768417358,0.7602906823158264
881,0.5395813584327698,0.4604186415672302
882,0.16897962987422943,0.8310203552246094
883,0.22319115698337555,0.7768088579177856
884,0.9076009392738342,0.09239907562732697
885,0.9294618368148804,0.07053817808628082
886,0.32425549626350403,0.6757445335388184
887,0.9606813192367554,0.03931867331266403
888,0.20616939663887024,0.7938305735588074
889,0.059377651661634445,0.9406223297119141
890,0.25683674216270447,0.7431632280349731
891,0.2777719795703888,0.7222280502319336
892,0.9264357686042786,0.07356420159339905
893,0.9656850099563599,0.03431497886776924
894,0.687347948551178,0.3126520812511444
895,0.23468652367591858,0.7653133869171143
896,0.9459988474845886,0.054001130163669586
897,0.17901727557182312,0.8209827542304993
898,0.354965478181839,0.6450344920158386
899,0.9279341101646423,0.07206587493419647
900,0.5207360982894897,0.4792638123035431
901,0.3698773682117462,0.6301226019859314
902,0.6906948685646057,0.3093051016330719
903,0.9297652244567871,0.07023472338914871
904,0.22183221578598022,0.7781677842140198
905,0.9577593207359314,0.042240630835294724
906,0.187540665268898,0.8124593496322632
907,0.9492921233177185,0.05070790275931358
908,0.950035035610199,0.049964915961027145
909,0.1528901606798172,0.8471097946166992
910,0.6422658562660217,0.35773414373397827
911,0.09542902559041977,0.904570996761322
912,0.8498754501342773,0.15012456476688385
913,0.1563977748155594,0.843602180480957
914,0.36071377992630005,0.6392862200737
915,0.959184467792511,0.04081560671329498
916,0.911233127117157,0.08876688033342361
917,0.18785397708415985,0.8121460676193237
918,0.9214413166046143,0.07855869084596634
919,0.9202723503112793,0.0797276645898819
920,0.919409453868866,0.0805906131863594
921,0.9482435584068298,0.051756467670202255
922,0.2412339597940445,0.7587660551071167
923,0.9371437430381775,0.06285618990659714
924,0.9588310718536377,0.04116892069578171
925,0.8339478373527527,0.1660521924495697
926,0.16129648685455322,0.838703453540802
927,0.9236294627189636,0.076370470225811
928,0.955814003944397,0.04418594017624855
929,0.7040159106254578,0.29598408937454224
930,0.9293590784072876,0.07064086198806763
931,0.2677423655986786,0.7322576642036438
932,0.9608808755874634,0.039119139313697815
933,0.9302058219909668,0.0697941780090332
934,0.6250247359275818,0.37497520446777344
935,0.9439751505851746,0.05602487176656723
936,0.06189248338341713,0.9381074905395508
937,0.8063742518424988,0.193625807762146
938,0.867732584476471,0.13226737082004547
939,0.4382250905036926,0.5617749094963074
940,0.12726233899593353,0.87273770570755
941,0.11175648868083954,0.8882434964179993
942,0.1556883603334427,0.8443116545677185
943,0.9527543783187866,0.04724559187889099
944,0.21550191938877106,0.7844980359077454
945,0.2388480007648468,0.7611519694328308
946,0.9546740055084229,0.045325931161642075
947,0.9277065992355347,0.07229340076446533
948,0.37878209352493286,0.6212178468704224
949,0.6820510029792786,0.31794896721839905
950,0.11766409128904343,0.8823359608650208
951,0.9317202568054199,0.06827980279922485
952,0.9566813707351685,0.04331864416599274
953,0.5292524099349976,0.47074759006500244
954,0.8826915621757507,0.11730846017599106
955,0.7211283445358276,0.27887162566185
956,0.9608888030052185,0.03911123424768448
957,0.7031890749931335,0.29681092500686646
958,0.9317059516906738,0.06829404085874557
959,0.9291374683380127,0.07086256146430969
960,0.34011146426200867,0.6598885655403137
961,0.5165144205093384,0.4834856688976288
962,0.9616793990135193,0.03832058608531952
963,0.6484212279319763,0.3515787720680237
964,0.8849236369132996,0.11507631838321686
965,0.924322783946991,0.07567726820707321
966,0.9338533878326416,0.066146619617939
967,0.07290449738502502,0.9270955324172974
968,0.6266754269599915,0.37332454323768616
969,0.0656118243932724,0.9343881607055664
970,0.9651430249214172,0.03485702723264694
971,0.9486520886421204,0.05134785175323486
972,0.8622127771377563,0.13778719305992126
973,0.7543519735336304,0.24564802646636963
974,0.8435396552085876,0.15646034479141235
975,0.6821639537811279,0.31783610582351685
976,0.9291884303092957,0.07081162184476852
977,0.9007291793823242,0.0992707908153534
978,0.9664671421051025,0.03353292495012283
979,0.9337188601493835,0.06628111749887466
980,0.9435821771621704,0.05641777068376541
981,0.9395273923873901,0.060472581535577774
982,0.8503735661506653,0.14962638914585114
983,0.24840053915977478,0.7515994906425476
984,0.20060496032238007,0.799394965171814
985,0.18440935015678406,0.8155906200408936
986,0.902175784111023,0.09782421588897705
987,0.9316759705543518,0.06832403689622879
988,0.7728128433227539,0.2271871417760849
989,0.21784880757331848,0.7821512222290039
990,0.9332678318023682,0.06673216819763184
991,0.33029839396476746,0.6697016358375549
992,0.9341420531272888,0.06585792452096939
993,0.8458750247955322,0.1541249305009842
994,0.5710458159446716,0.42895421385765076
995,0.9647228717803955,0.03527716174721718
996,0.8691124320030212,0.13088752329349518
997,0.09730345010757446,0.9026964902877808
998,0.8267109394073486,0.17328906059265137
999,0.9198383092880249,0.08016172796487808
